6004915343109918364
2078231131211772218
1959193808987785780
3980591126501898558
6979328932801015871
9355643901192908693
508274640680431844
6294537430200695715
10700009986352117117
1255247010961050011
1812468574190396655
12275489704606832648
4608218170750178658
12807456217114331347
10330294267884357092
5176899241211351609
9276204502142514475
7418565029604626238
12263980647859225667
14465046171036362160
4867509573725762828
7757192941052004658
10018430037590765865
3956100677604409484
1398477262920449853
2198777205577066029
13813412901330004814
8701063132077376745
3542766081581432354
13132485377265023771
13720376986155052122
7038239173059374600
8953232971440211172
3602408305506136369
3207203166132792882
5087550670359019448
6979328932801015871
5739546503083998605
2782093246131906006
1463130460395429933
12282437104216177129
8740414784042946476
626123018271420111
3871164686007214609
8579923552050619390
13794912143353578842
14323403777932931032
10711229166728180282
6750827951966010594
9598859701596714244
9902632631758426626
2672437844808981839
3395550063704064657
5514904064582955892
11662484317316275596
11112951248740488072
8831905184103829768
12850676764443079618
8904821127067252718
11815558331011353360
7305637331437026303
9397025497926599666
2936810334809008393
13039187741255007191
9342214739668353516
9492641041455217037
8771200685246326899
5195207349924237577
6120041126257856532
9159033040050785938
7794873992329647267
14741741071336348693
3104258748289711664
14058939206590320273
4012324229244049646
9569286995593280405
13449252576537582425
12942132650817140589
4704397830324801448
666938598133351793
4223768601018953755
10205775253966025667
13766832679971723143
4328681958886783303
9293774521352257028
9659234699925172193
6516310050667380055
9217271053432696338
10316720350549352840
7904537531067444904
13107937625150537521
4023852853950310324
8123638358141536574
13105792716768436556
7284376281528628608
8398704065775695765
9745191260314182827
221388875561815502
10437227172519466287